4 24 77 15 15  2
1 25 99 15 16 17
2 24 32 15 16 58
3 25 38 15 16 59
1 23 47 15 17 32
2 22 27 15 17 45
3 25 98 15 17 52
4 29 83 15 18 12
3 23 97 15 19 45
2 23 96 15 19 59
1 24 17 15 20  4
4 23 46 15 20 20 
4 23 46 15 20 20 
4 23 46 15 20 20 
4 23 46 15 20 20 
4 23 46 15 20 20 
4 23 46 15 20 20 
4 23 46 15 20 20 
4 23 46 15 20 20 
4 23 46 15 20 20 
4 23 46 15 20 20 
4 23 46 15 20 20 
4 23 46 15 20 20 
4 23 46 15 20 20 
4 23 46 15 20 20 
4 23 46 15 20 20 
4 23 46 15 20 20 
4 23 46 15 20 20 
4 23 46 15 20 20 
4 23 46 15 20 20 
4 23 46 15 20 20 
4 23 46 15 20 20 
4 23 46 15 20 20 
4 23 46 15 20 20 
4 23 46 15 20 20 
4 23 46 15 20 20 
4 23 46 15 20 20 
4 23 46 15 20 20 
4 23 46 15 20 20 
4 23 46 15 20 20 
